5
25
37
45
90
98
113
122
158
163
173
213
253
257
259
317
330
344
361
390
418
450
457
523
601
604
639
684
714
722
760
783
809
813
879
885
897
914
924
941
985
993
1022
1053
1057
1058
1070
1110
1112
1138
1158
1159
1179
1204
1223
1246
1248
1319
1326
1340
1374
1401
1454
1509
1553
1564
1625
1628
1672
1680
1682
1690
1696
1703
1757
1761
1803
1820
1830
1840
1872
1952
1981
2010
2014
2017
2030
2033
2073
2083
2087
2105
2124
2174
2198
2212
2235
2247
2361
2371
2403
2421
2442
2458
2459
2481
2493
2498
2503
2538
2558
2562
2582
2585
2613
2625
2627
2639
2646
2656
2715
2732
2755
2763
2765
2770
2821
2862
2903
2906
2915
3043
3047
3080
3112
3117
3135
3138
3144
3160
3164
3165
3235
3254
3361
3391
3429
3435
3464
3499
3517
3538
3539
3551
3554
3569
3593
3615
3628
3664
3675
3722
3724
3728
3732
3768
3782
3810
3821
3826
3868
3874
3898
3905
3916
3931
3948
3982
3985
3995
3997
4014
4067
4102
4103
4114
4122
4128
4134
4140
4199
4230
4240
4292
4309
4389
4411
4414
4420
4421
4513
4523
4611
4661
4677
4729
4733
4770
4785
4788
4811
4846
4857
4885
4898
4930
4970
4988
5000
5003
5025
5029
5030
5031
5050
5095
5187
5214
5293
5309
5337
5359
5381
5421
5474
5488
5509
5515
5561
5607
5617
5639
5643
5653
5668
5684
5738
5755
5798
5803
5818
5830
5865
5874
5893
5923
5954
5973
5979
6026
6085
6114
6163
6199
6248
6249
6280
6289
6321
6338
6353
6378
6408
6431
6448
6458
6495
6550
6578
6590
6629
6642
6699
6771
6790
6852
6978
6994
6999
7006
7008
7013
7026
7038
7045
7064
7102
7126
7163
7192
7259
7340
7414
7432
7507
7517
7521
7522
7528
7568
7596
7606
7664
7683
7690
7714
7715
7734
7735
7750
7785
7852
7886
7889
7900
7918
7920
7921
8053
8065
8107
8133
8151
8178
8217
8226
8290
8291
8313
8324
8327
8375
8487
8525
8530
8531
8586
8619
8630
8635
8684
8716
8781
8794
8798
8818
8820
8831
8840
8897
8911
8925
8948
8952
9008
9009
9012
9055
9060
9066
9111
9121
9123
9125
9177
9204
9211
9241
9242
9267
9281
9322
9392
9406
9449
9473
9479
9480
9522
9571
9574
9596
9627
9702
9714
9741
9760
9764
9783
9789
9834
9864
9903
9905
9942
9949
9964
9978
10073
10129
10145
10146
10162
10163
10166
10208
10222
10228
10261
10299
10308
10340
10381
10402
10405
10434
10451
10491
10513
10533
10546
10588
10603
10616
10696
10709
10713
10736
10741
10777
10808
10811
10816
10818
10820
10846
10867
10881
10906
10911
10937
10999
11045
11053
11081
11140
11145
11162
11173
11208
11255
11269
11270
11296
11301
11315
11321
11348
11410
11462
11481
11487
11491
11536
11568
11569
11572
11646
11652
11826
11827
11920
11959
11989
12006
12040
12051
12063
12087
12116
12144
12155
12169
12188
12189
12197
12255
12295
12301
12328
12342
12369
12386
12395
12412
12454
12460
12475
12482
12493
12512
12537
12540
12666
12693
12733
12737
12742
12770
12853
12865
12878
12887
12918
12931
12940
12961
13030
13050
13121
13131
13144
13148
13149
13159
13178
13217
13228
13282
13289
13295
13311
13324
13370
13413
13439
13489
13509
13524
13541
13549
13564
13580
13583
13590
13608
13686
13741
13750
13764
13769
13773
13775
13800
13804
13816
13820
13831
13834
13835
13860
13909
13989
13990
13997
13998
14070
14118
14132
14142
14245
14339
14342
14399
14419
14434
14487
14491
14495
14499
14523
14543
14552
14651
14656
14677
14707
14725
14772
14787
14789
14807
14878
14916
14921
14932
14986
14994
15028
15060
15065
15106
15117
15123
15130
15156
15187
15214
15273
15310
15377
15382
15383
15387
15408
15455
15522
15524
15528
15545
15560
15561
15585
15588
15629
15652
15655
15709
15780
15782
15784
15797
15814
15830
15844
15877
15934
15972
16062
16071
16087
16103
16105
16109
16123
16141
16176
16185
16219
16222
16226
16257
16291
16330
16333
16334
16360
16380
16389
16399
16411
16422
16452
16482
16505
16515
16536
16568
16589
16600
16607
16633
16679
16681
16713
16730
16756
16786
16802
16847
16857
16931
16992
17014
17033
17099
17132
17137
17146
17273
17306
17333
17349
17350
17499
17535
17537
17563
17576
17624
17629
17700
17727
17992
18008
18010
18015
18018
18083
18085
18111
18120
18125
18148
18231
18253
18302
18307
18313
18347
18355
18508
18529
18540
18546
18548
18556
18560
18561
18562
18602
18610
18611
18717
18719
18738
18761
18775
18782
18801
18820
18856
18918
18943
18958
18988
19003
19017
19030
19038
19071
19079
19104
19129
19134
19145
19167
19187
19232
19280
19346
19368
19384
19411
19419
19508
19533
19541
19546
19559
19582
19591
19605
19655
19668
19742
19767
19771
19777
19779
19803
19806
19824
19831
19832
19847
19853
19855
19878
19928
19930
19938
19944
19952
19960
19989
20002
20032
20054
20082
20152
20201
20227
20277
20279
20286
20327
20375
20410
20431
20467
20477
20500
20507
20544
20552
20603
20624
20627
20631
20657
20665
20676
20718
20781
20817
20859
20861
20871
20873
20878
20951
21053
21058
21082
21089
21114
21144
21149
21162
21166
21181
21194
21207
21227
21251
21344
21375
21380
21458
21465
21495
21508
21509
21520
21543
21575
21577
21598
21612
21656
21702
21729
21742
21744
21768
21781
21814
21860
21880
21889
21905
21962
21968
21979
22005
22018
22020
22022
22025
22026
22044
22053
22093
22112
22150
22151
22175
22194
22224
22261
22275
22276
22325
22362
22417
22431
22467
22471
22537
22555
22581
22606
22625
22660
22679
22692
22700
22713
22753
22762
22765
22785
22815
22823
22839
22853
22878
22898
22904
22972
22977
22987
22988
23023
23044
23129
23140
23162
23175
23189
23190
23251
23278
23285
23371
23439
23445
23468
23480
23508
23579
23599
23614
23651
23653
23654
23706
23710
23726
23737
23744
23763
23775
23781
23783
23805
23827
23842
23848
23850
23863
23882
23987
24000
24029
24043
24100
24128
24157
24170
24173
24174
24180
24230
24239
24248
24254
24341
24342
24391
24397
24409
24464
24475
24479
24516
24531
24555
24630
